Cobolt: 0.2187221331181916
Deepmaps: 0.2704553889255006
GLUE: 0.2264154015637771
Geneformer: 0.09048824067148674
Harmony: 0.2552328769247414
LIGER: 0.22869606792777925
MMD_MA: 0.29048857453349347
MOFA: 0.24929042903669554
PCA: 0.26943403372141284
Pamona: 0.22830699505818153
TotalVI: 0.2066582818497219
UCE: 0.23059383390281038
UnionCom: 0.22427379157196642
bindsc: 0.28252844096424307
iNMF: 0.1956613601926368
scFoundation: 0.19561368666006565
scGPT_bc: 0.20574639509966322
scGPT_bc_zero: 0.17954773032736046
scGPT_human: 0.2090111660687263
scGPT_human_zero: 0.137832260476989
scGPT_scvi: 0.27309350171459496
scJoint: 0.2553351307713952
scMDC: 0.20123263748264422
scMoMaT: 0.27798556057347495
scVI: 0.28274427028024485
seurat4: 0.2573010816927182
seurat5: 0.2882397032831309
