Cobolt: 0.12162052689644551
Deepmaps: 0.14097616586304368
GLUE: 0.1873231710578178
Harmony: 0.10505659449388134
LIGER: 0.1287149766285699
MMD_MA: 0.1727174797851933
MOFA: 0.16400206960817
PCA: 0.16230675690324256
Pamona: 0.11967704130494829
TotalVI: 0.1339506843218351
UCE: 0.010416666666666666
UnionCom: 0.15151773783458994
iNMF: 0.008841732979664015
scGPT: 0.056653069153069155
scGPT_scvi: 0.15710158683159425
scJoint: 0.06485257035964684
scMDC: 0.10850556106233845
scMoMaT: 0.15066908744911775
scVI: 0.0
seurat4: 0.14649946590967716
seurat5: 0.1815054890400677
