Cobolt: 0.1865485140642401
Deepmaps: 0.14765898220574195
GLUE: 0.2667879350051766
Harmony: 0.18965350192440092
LIGER: 0.20593479608852894
MMD_MA: 0.20479506341922923
MOFA: 0.2805904783522852
PCA: 0.27685990395973575
Pamona: 0.19089032732241043
TotalVI: 0.16653410096475826
UCE: 0.11251732975351415
UnionCom: 0.21204931616731965
bindsc: 0.24083356365123515
iNMF: 0.08875795677769095
scGPT: 0.1374080643907489
scGPT_scvi: 0.1472749739939091
scJoint: 0.1877758513596981
scMDC: 0.23059627517667505
scMoMaT: 0.19814437209037675
scVI: 0.0857587769111917
seurat4: 0.21007202299433034
seurat5: 0.2778320807361504
