Cobolt: 0.05137306183448534
GLUE: 0.22072963563621933
Geneformer: 0.08748841704867168
Harmony: 0.2555028290165322
LIGER: 0.24797429769132134
PCA: 0.22779211818955342
Pamona: 0.19430454835313135
UCE: 0.17559990198263536
bindsc: 0.22305317880908995
iNMF: 0.17118661043445035
scFoundation: 0.10692414517075013
scGPT: 0.10759508553903427
scGPT_scvi: 0.1810139640832785
scJoint: 0.2207872442491987
scMoMaT: 0.252402689935748
scVI: 0.2257233732980309
seurat4: 0.22792975006848598
