Cobolt: 0.04716470508214283
Deepmaps: 0.05469056975809046
GLUE: 0.04909105941345449
Geneformer: 0.04517980220909935
Harmony: 0.04517069911845532
LIGER: 0.04295216315261737
MMD_MA: 0.052861731880305705
MOFA: 0.04958391056420038
PCA: 0.053956976523562676
Pamona: 0.04242305079768069
TotalVI: 0.04355586939033821
UCE: 0.045613615804431934
UnionCom: 0.04615520240013714
bindsc: 0.0490860395415006
iNMF: 0.04441697267683772
scFoundation: 0.04724199868626916
scGPT_bc: 0.04532112251944771
scGPT_bc_zero: 0.0538267545567389
scGPT_human: 0.04585133120002532
scGPT_human_zero: 0.051748667304949654
scGPT_scvi: 0.05628134903278671
scJoint: 0.05211754424481886
scMDC: 0.04603600355190424
scMoMaT: 0.05771761779238414
scVI: 0.06374487168239737
seurat4: 0.05248157409390606
seurat5: 0.05364558827571414
