Cobolt: 0.20946052644593552
Deepmaps: 0.23298925262172054
GLUE: 0.22531134229675137
Geneformer: 0.19736415486545764
Harmony: 0.18896334514885846
LIGER: 0.16048463695415233
MMD_MA: 0.24882951097477657
MOFA: 0.22756566691949703
PCA: 0.23116704444234096
Pamona: 0.18673313673812122
TotalVI: 0.19284537505225366
UCE: 0.1925546253295081
UnionCom: 0.19957216918915724
bindsc: 0.228602349535127
iNMF: 0.21837630061444552
scFoundation: 0.21859375555832045
scGPT_bc: 0.1966406209736069
scGPT_bc_zero: 0.21844015362989708
scGPT_human: 0.197748770250073
scGPT_human_zero: 0.208533032886863
scGPT_scvi: 0.26211934853200214
scJoint: 0.2530468992532568
scMDC: 0.19415535220381494
scMoMaT: 0.260399061594997
scVI: 0.2892117149893672
seurat4: 0.23081124487095733
seurat5: 0.2271408393688687
