Cobolt: 0.7136573626380992
Deepmaps: 0.7052341772447646
GLUE: 0.7414426443021052
Geneformer: 0.4922022834312052
Harmony: 0.7149269553890129
LIGER: 0.7423117552858892
MMD_MA: 0.6117856735767198
MOFA: 0.7266176448477317
PCA: 0.6876364992406107
Pamona: 0.7025538582597073
TotalVI: 0.6817931129233731
UCE: 0.6516324214565483
UnionCom: 0.701256822889246
bindsc: 0.6823366803108545
iNMF: 0.6692100797244214
scFoundation: 0.6698402772761822
scGPT_bc: 0.7344561438094734
scGPT_bc_zero: 0.6026884460090592
scGPT_human: 0.7360904783388796
scGPT_human_zero: 0.5855551511928578
scGPT_scvi: 0.6870062007558148
scJoint: 0.721467874799065
scMDC: 0.7332113777140368
scMoMaT: 0.691320634465836
scVI: 0.6979426040799401
seurat4: 0.7232680317193987
seurat5: 0.6922325448354075
