Cobolt: 0.5550208974460646
Deepmaps: 0.5534046075305071
GLUE: 0.563146863587193
Harmony: 0.651029031131232
LIGER: 0.6344778683630152
MMD_MA: 0.622913864315423
MOFA: 0.6013261001304137
PCA: 0.6448198022017119
Pamona: 0.6406996099811566
TotalVI: 0.6449066741988437
UCE: 0.608757584008477
UnionCom: 0.6615322286383285
iNMF: 0.604289973625542
scGPT: 0.6179320559535277
scGPT_scvi: 0.5517571616245971
scJoint: 0.6051168183096277
scMDC: 0.5785158990219098
scMoMaT: 0.6223656505523513
scVI: 0.6082251082251082
seurat4: 0.6152815471827912
seurat5: 0.48198531191143684
