Cobolt: 0.4591596871791525
Deepmaps: 0.42651955133691105
GLUE: 0.43282562637328925
Harmony: 0.4646751960553976
LIGER: 0.48061038711192144
MMD_MA: 0.44341127985477224
MOFA: 0.3613545847967732
PCA: 0.43844715551689345
Pamona: 0.34416332017919854
TotalVI: 0.43464261940498117
UCE: 0.40724047483624787
UnionCom: 0.38598714487407615
bindsc: 0.4911732111150267
iNMF: 0.38742809707949205
scGPT: 0.3503774249626231
scGPT_scvi: 0.43723306357246994
scJoint: 0.4900603396111162
scMDC: 0.4871219943175525
scMoMaT: 0.4648493685331951
scVI: 0.3890340146836781
seurat4: 0.5145195825217233
seurat5: 0.4189847359997495
