Cobolt: 0.6924163242294074
GLUE: 0.8086553951851619
Geneformer: 0.7187243128439266
Harmony: 0.7474787630164961
LIGER: 0.7397989908169387
PCA: 0.8132008936961262
Pamona: 0.8222994769926957
UCE: 0.7876550651881047
bindsc: 0.8121891940481138
iNMF: 0.7750140886872289
scFoundation: 0.7668606570314314
scGPT: 0.7632201912732656
scGPT_scvi: 0.8157622486603296
scJoint: 0.8042633102206705
scMoMaT: 0.7464182176224347
scVI: 0.8053850359224786
seurat4: 0.810910440623859
