Cobolt: 0.3054201509336942
Deepmaps: 0.327577143740854
GLUE: 0.3484455656942094
Geneformer: 0.2907539194714866
Harmony: 0.3048411958415809
LIGER: 0.2741867757153962
MMD_MA: 0.34568698988081026
MOFA: 0.34322047220640195
PCA: 0.324083048237293
Pamona: 0.2645360704019982
TotalVI: 0.24434547634640405
UCE: 0.3195687028847122
UnionCom: 0.3322136119151185
bindsc: 0.3489853164041746
iNMF: 0.26056619695812333
scFoundation: 0.34171260269268283
scGPT_bc: 0.2817100295925407
scGPT_bc_zero: 0.3063977126997788
scGPT_human: 0.28767033088291505
scGPT_human_zero: 0.308379219026809
scGPT_scvi: 0.368818893719782
scJoint: 0.37309296276077325
scMDC: 0.2781409532601204
scMoMaT: 0.36778766706323013
scVI: 0.4153219704169712
seurat4: 0.3454348516290394
seurat5: 0.3569809427487179
