Cobolt: 0.24465107708675624
Deepmaps: 0.2938280454985336
GLUE: 0.4067632919199679
Harmony: 0.22857543544038145
LIGER: 0.3174399540001144
MMD_MA: 0.2774296705777008
MOFA: 0.3489051518360175
PCA: 0.31445538964356773
Pamona: 0.22741777914500808
TotalVI: 0.14631127657639578
UCE: 0.33092901258329593
UnionCom: 0.24709283011021038
iNMF: 0.19959711481627868
scGPT: 0.08122542867793951
scGPT_scvi: 0.37370441354630307
scJoint: 0.31620128789532925
scMDC: 0.19889222053358557
scMoMaT: 0.192771028785907
scVI: 0.3777923203676607
seurat4: 0.20642108411372215
seurat5: 0.3767280842618383
