Cobolt: 0.22584801828879805
Deepmaps: 0.19460076349063485
GLUE: 0.397144018250235
Harmony: 0.2737515807290099
LIGER: 0.3569590408895521
MMD_MA: 0.2795578647899863
MOFA: 0.40542139032099345
PCA: 0.29667673788229326
Pamona: 0.24851969314561398
TotalVI: 0.20181298580908225
UCE: 0.09510207922970154
UnionCom: 0.3405535904767658
bindsc: 0.38324017282638445
iNMF: 0.24292368585479973
scGPT: 0.08681411548762726
scGPT_scvi: 0.15570084672841625
scJoint: 0.41392327025781644
scMDC: 0.292893920941295
scMoMaT: 0.2697794132999239
scVI: 0.3963785133369235
seurat4: 0.31117943895451927
seurat5: 0.42127095553082383
