Cobolt: 0.32652641635278223
GLUE: 0.4936112541096011
Geneformer: 0.2460545021324741
Harmony: 0.39062258330269006
LIGER: 0.3643196230959554
PCA: 0.5733207836960843
Pamona: 0.3572252682727543
UCE: 0.39759229011643077
bindsc: 0.519917713405789
iNMF: 0.4249675148581356
scFoundation: 0.24255791839232582
scGPT: 0.45824363839986965
scGPT_scvi: 0.39576783301086615
scJoint: 0.4309490021820647
scMoMaT: 0.3062905069446652
scVI: 0.4199857640691004
seurat4: 0.34232247280200157
