Cobolt: 0.6439692315559856
Deepmaps: 0.6377494682338599
GLUE: 0.6630067891619431
Geneformer: 0.5070034235126272
Harmony: 0.6427656838745579
LIGER: 0.6654981843213243
MMD_MA: 0.5620740581060794
MOFA: 0.6465010241431075
PCA: 0.6330649445446305
Pamona: 0.6511930869063207
TotalVI: 0.650918856680616
UCE: 0.621222256344758
UnionCom: 0.6496159119306785
bindsc: 0.6110289988815668
iNMF: 0.6434772809945739
scFoundation: 0.6384220578193388
scGPT_bc: 0.66563056757693
scGPT_bc_zero: 0.6208411966029915
scGPT_human: 0.6722181781558809
scGPT_human_zero: 0.5817442780116815
scGPT_scvi: 0.5930301136931013
scJoint: 0.6437299887665543
scMDC: 0.6632171158339027
scMoMaT: 0.6101742832915238
scVI: 0.6198334086751899
seurat4: 0.6442024940396979
seurat5: 0.6192723656296593
