Cobolt: 0.7327498012075548
Deepmaps: 0.7622571046004292
GLUE: 0.6397859459000466
Harmony: 0.7502021741019292
LIGER: 0.7433391997976077
MMD_MA: 0.7231303064237117
MOFA: 0.689111305627709
PCA: 0.6867698786053313
Pamona: 0.7319122081150563
TotalVI: 0.757638157743424
UCE: 0.7271242422293592
UnionCom: 0.7602525805307322
iNMF: 0.7269041340857576
scGPT: 0.742750690999772
scGPT_scvi: 0.6481103541228739
scJoint: 0.7454369208167072
scMDC: 0.7019023864058677
scMoMaT: 0.76460086139248
scVI: 0.7232631185553262
seurat4: 0.7399654416416243
seurat5: 0.5704006529114941
