Cobolt: 0.48612612236535285
Deepmaps: 0.48079271305189236
GLUE: 0.41873862386475197
Harmony: 0.47901120022209864
LIGER: 0.4870246619614305
MMD_MA: 0.4777164644064614
MOFA: 0.3440927558511915
PCA: 0.42465134720793957
Pamona: 0.3729936705442927
TotalVI: 0.4826988695645266
UCE: 0.455910218454523
UnionCom: 0.39825636054808605
bindsc: 0.47924848557580263
iNMF: 0.4404739953795264
scGPT: 0.42617407040169863
scGPT_scvi: 0.48410085653349094
scJoint: 0.5016546010976288
scMDC: 0.4909309069281042
scMoMaT: 0.48622086975338114
scVI: 0.42929916864223094
seurat4: 0.5063248193214241
seurat5: 0.40507534347235996
