Cobolt: 0.6870512677635521
GLUE: 0.7659772415987967
Geneformer: 0.7191817173136242
Harmony: 0.7053796727396905
LIGER: 0.6985974365315093
PCA: 0.7703455687474745
Pamona: 0.7792523686283412
UCE: 0.7685499071658366
bindsc: 0.7678648002905225
iNMF: 0.7645498549773143
scFoundation: 0.7367631498310578
scGPT: 0.7423193649513578
scGPT_scvi: 0.7748362053123956
scJoint: 0.7657888848072836
scMoMaT: 0.7048908788132742
scVI: 0.7661758590909288
seurat4: 0.7653551828053471
