Cobolt: 0.7694508530184649
Deepmaps: 0.7873623975556248
GLUE: 0.7992701048813807
Geneformer: 0.8063049248173647
Harmony: 0.8083881687572481
LIGER: 0.7655259408877434
MMD_MA: 0.6507835676442661
MOFA: 0.8051001072693883
PCA: 0.7728362170412906
Pamona: 0.6386095090112885
TotalVI: 0.7466196098276792
UCE: 0.8188979148908346
UnionCom: 0.8018108431924507
bindsc: 0.7878410891420079
iNMF: 0.728210633824056
scFoundation: 0.8059269755067885
scGPT_bc: 0.7963775754577178
scGPT_bc_zero: 0.7904524537589156
scGPT_human: 0.8018520435726139
scGPT_human_zero: 0.7905861058260081
scGPT_scvi: 0.7755367608256801
scJoint: 0.8029881567558906
scMDC: 0.7912686872836668
scMoMaT: 0.7795969201893579
scVI: 0.6867218083492858
seurat4: 0.7724729623446132
seurat5: 0.780960878576001
