Cobolt: 0.6083660975942159
Deepmaps: 0.62349214289961
GLUE: 0.594532731380925
Harmony: 0.5744726082187487
LIGER: 0.5485955007978913
MMD_MA: 0.5647984256633264
MOFA: 0.6310603293853372
PCA: 0.6140171876750299
Pamona: 0.5439108206516136
TotalVI: 0.5544970140762239
UCE: 0.5909907242138047
UnionCom: 0.641698827435533
iNMF: 0.5866368498190483
scGPT: 0.4610993744401505
scGPT_scvi: 0.5778777184173675
scJoint: 0.6064810022825722
scMDC: 0.595329977341391
scMoMaT: 0.6153283395627279
scVI: 0.6140830319204335
seurat4: 0.603851833032726
seurat5: 0.6231384909899854
