Cobolt: 0.5942652218065879
Deepmaps: 0.5701137526454993
GLUE: 0.6302673792496681
Harmony: 0.635193684116232
LIGER: 0.6679267672183014
MMD_MA: 0.5812511996976867
MOFA: 0.6261105079333055
PCA: 0.5984895973686549
Pamona: 0.5468638167775423
TotalVI: 0.5799150638917653
UCE: 0.4634406776653872
UnionCom: 0.6661061639839129
bindsc: 0.6524642865090936
iNMF: 0.5999504116819422
scGPT: 0.4246732163437443
scGPT_scvi: 0.5438755439380797
scJoint: 0.5853475315857977
scMDC: 0.650877606452787
scMoMaT: 0.6344360059885982
scVI: 0.6608172943236942
seurat4: 0.6572724814485641
seurat5: 0.5901170816126851
