Cobolt: 0.6171851303396838
Deepmaps: 0.49168162041532776
GLUE: 0.6243298909607252
Harmony: 0.6307673255056759
LIGER: 0.6500324508648642
MMD_MA: 0.6060429565474165
MOFA: 0.6555857391404468
PCA: 0.5888070847446577
Pamona: 0.5232501875794788
TotalVI: 0.6188413722220941
UCE: 0.509701720732409
UnionCom: 0.6236342801261439
bindsc: 0.6179412204145477
iNMF: 0.6053602763157616
scGPT: 0.48353039695217254
scGPT_scvi: 0.5959030227475354
scJoint: 0.6384061760226027
scMDC: 0.6204318503491838
scMoMaT: 0.6379335592842227
scVI: 0.6181249788792196
seurat4: 0.6146313671101526
seurat5: 0.6168086825683973
