Cobolt: 0.6614945644997084
Deepmaps: 0.5650721948272118
GLUE: 0.6714671043547266
Harmony: 0.676403623623531
LIGER: 0.6285785724732675
MMD_MA: 0.6529451612818048
MOFA: 0.6690842431870632
PCA: 0.6467839238507195
Pamona: 0.5652048164199653
TotalVI: 0.688059226067265
UCE: 0.5586984951645597
UnionCom: 0.6766782022129945
bindsc: 0.6578042696522286
iNMF: 0.634797469893095
scGPT: 0.4999658478385241
scGPT_scvi: 0.6521742688265478
scJoint: 0.6216236749367184
scMDC: 0.6638729496384752
scMoMaT: 0.6822907568104051
scVI: 0.6654224424638142
seurat4: 0.6117520267709226
seurat5: 0.6258338156488858
