Cobolt: 0.6565431640228253
Deepmaps: 0.6611548488507156
GLUE: 0.6551099253089837
Harmony: 0.6378231179315826
LIGER: 0.6851198573622319
MMD_MA: 0.6326493873081742
MOFA: 0.6892721105296559
PCA: 0.676041748252148
Pamona: 0.5520885712664643
TotalVI: 0.5579109631229177
UCE: 0.5678971768679211
UnionCom: 0.7289373630204529
bindsc: 0.7161404350317364
iNMF: 0.6641014438611724
scGPT: 0.5353889911906465
scGPT_scvi: 0.6590195336179705
scJoint: 0.6997810205922339
scMDC: 0.691169670747525
scMoMaT: 0.6703017865460668
scVI: 0.6467362960885211
seurat4: 0.6480247659913273
