Cobolt: 0.6753822190805218
GLUE: 0.6932272651223678
Geneformer: 0.6415177429698363
Harmony: 0.698554219547471
LIGER: 0.6734974016885688
PCA: 0.6539603733816027
Pamona: 0.6832035642400176
UCE: 0.6928962804090104
bindsc: 0.6856163191965498
iNMF: 0.5644449636781582
scFoundation: 0.6415537233642953
scGPT: 0.6545031742001328
scGPT_scvi: 0.7130443198287868
scJoint: 0.7071337284810912
scMoMaT: 0.7025183651666007
scVI: 0.6914525545993802
seurat4: 0.6908480989668863
