Cobolt: 0.2213085694982833
Deepmaps: 0.2501980297458157
GLUE: 0.24187114549926578
Geneformer: 0.051961976340296756
Harmony: 0.22922390763371045
LIGER: 0.22845124336981093
MMD_MA: 0.22901538350550368
MOFA: 0.2731813184700496
PCA: 0.24388136657889806
Pamona: 0.2386106025747144
TotalVI: 0.17492105940155084
UCE: 0.141187777697655
UnionCom: 0.22258085837540897
bindsc: 0.262575438860373
iNMF: 0.16361650429880017
scFoundation: 0.12936310336543744
scGPT_bc: 0.23051470896341542
scGPT_bc_zero: 0.09058349730618413
scGPT_human: 0.2141061677398305
scGPT_human_zero: 0.06930896499676409
scGPT_scvi: 0.2566419231026933
scJoint: 0.27899524324605485
scMDC: 0.23385423678731987
scMoMaT: 0.2711318888209888
scVI: 0.27972921039826226
seurat4: 0.26927768288250026
seurat5: 0.24712829084078014
