Cobolt: 0.03260376626682749
Deepmaps: 0.05051400551672875
GLUE: 0.059975695893213915
Harmony: 0.023808174445303323
LIGER: 0.0414875898566459
MMD_MA: 0.05101694223629872
MOFA: 0.05703433553678614
PCA: 0.051898419778726314
Pamona: 0.04595688465123716
TotalVI: 0.04027901806520898
UCE: 0.0
UnionCom: 0.04567687983868016
iNMF: 0.0
scGPT: 0.01853003721424774
scGPT_scvi: 0.05874472194771987
scJoint: 0.01899524517312158
scMDC: 0.028500803895473256
scMoMaT: 0.047348126261555004
scVI: 0.0
seurat4: 0.044389517947932486
seurat5: 0.06095996860865815
