Cobolt: 0.12196398085124344
Deepmaps: 0.07141506911930239
GLUE: 0.2283542564327534
Harmony: 0.1335211554852146
LIGER: 0.16636667291650434
MMD_MA: 0.1320886157383539
MOFA: 0.25383623252050175
PCA: 0.24333029683699833
Pamona: 0.1149429236295879
TotalVI: 0.08652206244792383
UCE: 0.04129385000921888
UnionCom: 0.14827387030693343
bindsc: 0.2106362202068775
iNMF: 0.022105560591872745
scGPT: 0.028672426430627042
scGPT_scvi: 0.06985960547451603
scJoint: 0.14241421666361362
scMDC: 0.17161700425570625
scMoMaT: 0.13459108159339706
scVI: 0.03253068737591885
seurat4: 0.17994223407339274
seurat5: 0.26435082316467223
