Cobolt: 0.03706038951940591
GLUE: 0.22106642471863575
Geneformer: 0.05026220394686469
Harmony: 0.2282741856248029
LIGER: 0.22996757574645332
PCA: 0.24399257008154018
Pamona: 0.2068124127867637
UCE: 0.16012167448400497
bindsc: 0.23635997676215867
iNMF: 0.14503035294368313
scFoundation: 0.09413111905634339
scGPT: 0.08866044349915317
scGPT_scvi: 0.17913362775573713
scJoint: 0.21252475610113147
scMoMaT: 0.22787107506812768
scVI: 0.22286168738423381
seurat4: 0.24009144792590884
